,industry (SIC2007),preliminary and final figures,contents,month,value,change,change in pct
0,All industries,Preliminary figures,"Number of jobs (employments), seasonally adjusted",2019M03,2873145,,
1,All industries,Preliminary figures,"Number of jobs (employments), seasonally adjusted",2019M04,2875456,2311.0,0.08043450643806516
2,All industries,Preliminary figures,"Number of jobs (employments), seasonally adjusted",2019M05,2874438,-1018.0,-0.035403080415763455
3,All industries,Preliminary figures,"Number of jobs (employments), seasonally adjusted",2019M06,2876045,1607.0,0.05590658069507537
4,All industries,Preliminary figures,"Number of jobs (employments), seasonally adjusted",2019M07,2888231,12186.0,0.4237068613321515
5,All industries,Preliminary figures,"Number of jobs (employments), seasonally adjusted",2019M08,2890403,2172.0,0.07520174113497813
6,All industries,Preliminary figures,"Number of jobs (employments), seasonally adjusted",2019M09,2889611,-792.0,-0.027401023317508155
7,All industries,Preliminary figures,"Number of jobs (employments), seasonally adjusted",2019M10,2892389,2778.0,0.09613750778219021
8,All industries,Preliminary figures,"Number of jobs (employments), seasonally adjusted",2019M11,2891759,-630.0,-0.02178130258412292
9,All industries,Preliminary figures,"Number of jobs (employments), seasonally adjusted",2019M12,2887546,-4213.0,-0.14568987249629073
10,All industries,Preliminary figures,"Number of jobs (employments), seasonally adjusted",2020M01,2889562,2016.0,0.06981706958089084
11,All industries,Preliminary figures,"Number of jobs (employments), seasonally adjusted",2020M02,2906688,17126.0,0.5926849813224333
12,All industries,Preliminary figures,"Number of jobs (employments), seasonally adjusted",2020M03,2899870,-6818.0,-0.23456249862385814
13,All industries,Preliminary figures,"Number of jobs (employments), seasonally adjusted",2020M04,2807237,-92633.0,-3.1943845758602984
14,All industries,Preliminary figures,"Number of jobs (employments), seasonally adjusted",2020M05,2753808,-53429.0,-1.9032593258068387
15,All industries,Preliminary figures,"Number of jobs (employments), seasonally adjusted",2020M06,2731891,-21917.0,-0.795879741797545
16,All industries,Preliminary figures,"Number of jobs (employments), seasonally adjusted",2020M07,2748395,16504.0,0.6041236637918557
17,All industries,Preliminary figures,"Number of jobs (employments), seasonally adjusted",2020M08,2793589,45194.0,1.6443779005565151
18,All industries,Preliminary figures,"Number of jobs (employments), seasonally adjusted",2020M09,2809969,16380.0,0.5863425149511992
19,All industries,Preliminary figures,"Number of jobs (employments), seasonally adjusted",2020M10,2829986,20017.0,0.7123566131868264
20,All industries,Preliminary figures,"Number of jobs (employments), seasonally adjusted",2020M11,2826650,-3336.0,-0.11788044181136881
21,All industries,Preliminary figures,"Number of jobs (employments), seasonally adjusted",2020M12,2862105,35455.0,1.2543116409884592
22,All industries,Preliminary figures,"Number of jobs (employments), seasonally adjusted",2021M01,2845488,-16617.0,-0.5805866661076409
23,All industries,Preliminary figures,"Number of jobs (employments), seasonally adjusted",2021M02,2821890,-23598.0,-0.8293129333175941
24,All industries,Preliminary figures,"Number of jobs (employments), seasonally adjusted",2021M03,2824152,2262.0,0.08015904234395244
25,All industries,Preliminary figures,"Number of jobs (employments), seasonally adjusted",2021M04,2799763,-24389.0,-0.8635866624742583
26,All industries,Preliminary figures,"Number of jobs (employments), seasonally adjusted",2021M05,2809775,10012.0,0.3576016970007867
27,All industries,Preliminary figures,"Number of jobs (employments), seasonally adjusted",2021M06,2840454,30679.0,1.0918667864864728
28,All industries,Preliminary figures,"Number of jobs (employments), seasonally adjusted",2021M07,2891053,50599.0,1.781370161248863
29,All industries,Preliminary figures,"Number of jobs (employments), seasonally adjusted",2021M08,2915341,24288.0,0.8401091228697588
30,All industries,Preliminary figures,"Number of jobs (employments), seasonally adjusted",2021M09,2935876,20535.0,0.7043772923990721
31,All industries,Preliminary figures,"Number of jobs (employments), seasonally adjusted",2021M10,2953532,17656.0,0.6013877970322934
32,All industries,Preliminary figures,"Number of jobs (employments), seasonally adjusted",2021M11,2965924,12392.0,0.4195654558677653
33,All industries,Preliminary figures,"Number of jobs (employments), seasonally adjusted",2021M12,2975573,9649.0,0.3253286328307903
34,All industries,Preliminary figures,"Number of jobs (employments), seasonally adjusted",2022M01,2971961,-3612.0,-0.12138838469094582
35,All industries,Preliminary figures,"Number of jobs (employments), seasonally adjusted",2022M02,2967635,-4326.0,-0.14556045654704475
36,All industries,Preliminary figures,"Number of jobs (employments), seasonally adjusted",2022M03,2985315,17680.0,0.5957605972432667
37,All industries,Preliminary figures,"Number of jobs (employments), seasonally adjusted",2022M04,2999872,14557.0,0.48762023438062574
38,All industries,Preliminary figures,"Number of jobs (employments), seasonally adjusted",2022M05,3008638,8766.0,0.2922124677319671
39,All industries,Preliminary figures,"Number of jobs (employments), seasonally adjusted",2022M06,3011861,3223.0,0.10712488508088924
40,All industries,Preliminary figures,"Number of jobs (employments), seasonally adjusted",2022M07,2999475,-12386.0,-0.41124075779060965
41,All industries,Preliminary figures,"Number of jobs (employments), seasonally adjusted",2022M08,3022753,23278.0,0.7760691454337776
42,All industries,Preliminary figures,"Number of jobs (employments), seasonally adjusted",2022M09,3043207,20454.0,0.676667924901575
43,All industries,Preliminary figures,"Number of jobs (employments), seasonally adjusted",2022M10,3038451,-4756.0,-0.15628250066459515
44,All industries,Preliminary figures,"Number of jobs (employments), seasonally adjusted",2022M11,3040569,2118.0,0.06970657088101184
45,All industries,Preliminary figures,"Number of jobs (employments), seasonally adjusted",2022M12,3049951,9382.0,0.30856066742770416
46,All industries,Preliminary figures,"Number of jobs (employments), seasonally adjusted",2023M01,3046201,-3750.0,-0.12295279497932521
47,All industries,Preliminary figures,"Number of jobs (employments), seasonally adjusted",2023M02,3049009,2808.0,0.09218039124798683
48,All industries,Preliminary figures,"Number of jobs (employments), seasonally adjusted",2023M03,3059940,10931.0,0.3585099289638016
49,All industries,Preliminary figures,"Number of jobs (employments), seasonally adjusted",2023M04,3051524,-8416.0,-0.27503807264194213
50,All industries,Preliminary figures,"Number of jobs (employments), seasonally adjusted",2023M05,3056408,4884.0,0.16005117442956518
51,All industries,Preliminary figures,"Number of jobs (employments), seasonally adjusted",2023M06,3063475,7067.0,0.2312191304302269
52,All industries,Preliminary figures,"Number of jobs (employments), seasonally adjusted",2023M07,3074734,11259.0,0.36752380874660595
53,All industries,Preliminary figures,"Number of jobs (employments), seasonally adjusted",2023M08,3059284,-15450.0,-0.5024824911683434
54,All industries,Preliminary figures,"Number of jobs (employments), seasonally adjusted",2023M09,3057192,-2092.0,-0.06838201356919038
55,All industries,Preliminary figures,"Number of jobs (employments), seasonally adjusted",2023M10,3068025,10833.0,0.3543447712803127
56,All industries,Preliminary figures,"Number of jobs (employments), seasonally adjusted",2023M11,3070452,2427.0,0.07910626543135013
57,All industries,Preliminary figures,"Number of jobs (employments), seasonally adjusted",2023M12,3065345,-5107.0,-0.16632730295083054
58,All industries,Preliminary figures,"Number of jobs (employments), seasonally adjusted",2024M01,3101634,36289.0,1.1838471689157304
59,All industries,Preliminary figures,"Number of jobs (employments), seasonally adjusted",2024M02,3083159,-18475.0,-0.5956537747522805
60,All industries,Preliminary figures,"Number of jobs (employments), seasonally adjusted",2024M03,3085743,2584.0,0.08381014407625731
